Fp1 -0.308829 0.950477 -0.0348995
Fp2 0.308829 0.950477 -0.0348995
AF3 -0.406247 0.871199 0.275637
AF4 0.406247 0.871199 0.275637
F7 -0.808524 0.587427 -0.0348995
F3 -0.545007 0.673028 0.5
Fz 0 0.71934 0.694658
F4 0.545007 0.673028 0.5
F8 0.808524 0.587427 -0.0348995
FC5 -0.887888 0.340828 0.309017
FC1 -0.37471 0.37471 0.848048
FC2 0.37471 0.37471 0.848048
FC6 0.887888 0.340828 0.309017
T7 -0.999391 0 -0.0348995
C3 -0.71934 0 0.694658
Cz 0 0 1
C4 0.71934 0 0.694658
T8 0.999391 0 -0.0348995
CP5 -0.887888 -0.340828 0.309017
CP1 -0.37471 -0.37471 0.848048
CP2 0.37471 -0.37471 0.848048
CP6 0.887888 -0.340828 0.309017
P7 -0.808524 -0.587427 -0.0348995
P3 -0.545007 -0.673028 0.5
Pz 0 -0.71934 0.694658
P4 0.545007 -0.673028 0.5
P8 0.808524 -0.587427 -0.0348995
PO3 -0.406247 -0.871199 0.275637
PO4 0.406247 -0.871199 0.275637
O1 -0.308829 -0.950477 -0.0348995
Oz 0 -0.999391 -0.0348995
O2 0.308829 -0.950477 -0.0348995